Distorted Points1:
[705.62177, 563.26227;
 658.35205, 563.66827;
 610.55542, 564.45038;
 562.55005, 564.90802;
 514.59668, 565.48187;
 466.55505, 565.83008;
 703.05457, 516.10358;
 656.48309, 516.59741;
 609.56525, 517.12848;
 562.50568, 517.61078;
 515.36523, 518.25122;
 468.31381, 518.4939;
 700.38324, 470.72635;
 654.51495, 471.21652;
 608.57135, 471.58228;
 562.50366, 471.9848;
 516.32263, 472.4838;
 469.78784, 472.86832;
 697.57379, 427.21555;
 652.61346, 427.44843;
 607.62585, 427.65131;
 562.51971, 428.22873;
 517.22388, 428.48953;
 471.57376, 428.83902;
 694.92279, 385.1604;
 650.8006, 385.3515;
 606.65546, 385.53442;
 562.48199, 385.73901;
 517.9339, 386.27597;
 473.30121, 386.49927;
 692.62592, 344.46121;
 649.34888, 344.6261;
 605.84406, 344.69098;
 562.3551, 345.12955;
 518.51776, 345.33441;
 474.63602, 345.54071;
 690.35107, 305.42435;
 647.66718, 305.38144;
 605.1554, 305.52432;
 562.19452, 305.51706;
 519.27563, 305.66101;
 476.18933, 305.78653;
 687.83075, 267.51678;
 646.29401, 267.4657;
 604.33228, 267.48383;
 562.05798, 267.54013;
 519.81775, 267.53223;
 477.71133, 267.85196;
 685.56488, 231.38289;
 644.56903, 231.22728;
 603.47864, 231.25395;
 562.16895, 231.09641;
 520.65765, 231.27937;
 479.35678, 231.3123]
Distorted Points2:
[984.73889, 665.59576;
 939.73193, 665.70898;
 894.57129, 666.12061;
 849.48389, 666.37738;
 804.4668, 666.57422;
 759.49207, 666.79602;
 975.6355, 619.7514;
 931.56897, 620.18115;
 887.54828, 620.45172;
 843.61053, 620.84601;
 799.71533, 621.43408;
 755.91675, 621.60803;
 967.00586, 576.47058;
 923.89325, 576.62427;
 880.92426, 577.18262;
 838.16003, 577.58093;
 795.32263, 578.22137;
 752.46234, 578.54144;
 958.79431, 534.97522;
 916.9024, 535.41815;
 874.93488, 535.66254;
 832.85919, 536.40448;
 790.95355, 536.6582;
 748.99243, 537.35742;
 950.85797, 495.38724;
 909.94366, 495.60739;
 868.87793, 496.21912;
 827.77673, 496.58362;
 786.83734, 497.28796;
 745.8866, 497.63794;
 943.34967, 457.30652;
 903.18597, 457.65631;
 863.09448, 458.26105;
 822.79413, 458.62039;
 782.79413, 459.26028;
 742.67352, 459.68353;
 935.76965, 420.90677;
 896.62659, 421.33047;
 857.39819, 421.71097;
 818.10516, 422.27023;
 778.78711, 422.72473;
 739.6084, 423.29819;
 928.71582, 386.03976;
 890.38715, 386.48169;
 851.94531, 386.72055;
 813.42102, 387.43448;
 775.15277, 387.70874;
 736.63147, 388.46829;
 921.94427, 352.64313;
 884.39917, 353.06509;
 846.70959, 353.54391;
 809.15454, 353.83133;
 771.50079, 354.50793;
 733.8421, 354.82452]