Undistorted Points1:
[0.13971968, 0.19679935;
 0.080874622, 0.19721559;
 0.021448916, 0.19814739;
 -0.038218092, 0.19872643;
 -0.09786094, 0.19950202;
 -0.15770996, 0.20004566;
 0.13643013, 0.13807949;
 0.078496195, 0.13863696;
 0.020205081, 0.13927069;
 -0.038244277, 0.13987648;
 -0.096834436, 0.14071213;
 -0.15540905, 0.14108446;
 0.13305545, 0.081666864;
 0.07602106, 0.08225175;
 0.018963933, 0.082694814;
 -0.038230456, 0.083197691;
 -0.095604695, 0.083834924;
 -0.15351257, 0.084344104;
 0.12954938, 0.027614485;
 0.073652521, 0.0279103;
 0.017788863, 0.028165044;
 -0.038206443, 0.028881414;
 -0.094474994, 0.029201837;
 -0.15127416, 0.029629262;
 0.12627549, -0.024634639;
 0.071414255, -0.024363121;
 0.016587427, -0.024120839;
 -0.038260579, -0.023870694;
 -0.093609989, -0.023226682;
 -0.14915057, -0.022990851;
 0.1234718, -0.075244412;
 0.069641382, -0.074981153;
 0.015586645, -0.074874803;
 -0.038435638, -0.074336998;
 -0.092925705, -0.074123137;
 -0.14755271, -0.073939949;
 0.12071868, -0.12386401;
 0.067595579, -0.12383898;
 0.014740408, -0.12362692;
 -0.038661975, -0.12364718;
 -0.092045441, -0.12352446;
 -0.14571388, -0.12346919;
 0.1176779, -0.17117843;
 0.0659431, -0.17114839;
 0.013728122, -0.17108487;
 -0.038866136, -0.17102924;
 -0.091449872, -0.17110951;
 -0.14393722, -0.17083363;
 0.11496484, -0.21639672;
 0.063858159, -0.21648546;
 0.012677568, -0.21640684;
 -0.03876825, -0.21662189;
 -0.090494379, -0.21647371;
 -0.14202414, -0.21657406]
Undistorted Points2:
[0.49118325, 0.32637867;
 0.43418574, 0.32623088;
 0.37712905, 0.32644087;
 0.32031554, 0.32645819;
 0.26374733, 0.32641926;
 0.2073824, 0.32644606;
 0.47937301, 0.26872158;
 0.42357156, 0.26900792;
 0.36797452, 0.26908392;
 0.3126446, 0.26931912;
 0.25753295, 0.2698144;
 0.20269394, 0.26982129;
 0.46821427, 0.21437034;
 0.4136306, 0.21436174;
 0.35938722, 0.21485299;
 0.30556822, 0.21514817;
 0.25182444, 0.21575938;
 0.19820544, 0.21599355;
 0.45764446, 0.16233671;
 0.404623, 0.16275142;
 0.35166609, 0.16291104;
 0.29874486, 0.16369335;
 0.24620286, 0.16387595;
 0.19374637, 0.16462991;
 0.44748867, 0.11275585;
 0.39572248, 0.11295582;
 0.34392807, 0.11363796;
 0.29225773, 0.11400982;
 0.24095546, 0.11480912;
 0.18978795, 0.11517517;
 0.43794027, 0.065106876;
 0.3871429, 0.065532982;
 0.33659807, 0.066269115;
 0.28595605, 0.066693716;
 0.23585081, 0.067465678;
 0.18573906, 0.067968257;
 0.42836338, 0.019586602;
 0.37887543, 0.020166423;
 0.32943678, 0.020682259;
 0.28007644, 0.021411868;
 0.23083842, 0.022002729;
 0.18191305, 0.022734426;
 0.41950935, -0.024009792;
 0.37106699, -0.023350319;
 0.32263398, -0.02295647;
 0.27424961, -0.021983016;
 0.22633278, -0.021571716;
 0.1782299, -0.020569855;
 0.41106191, -0.065777078;
 0.36362335, -0.065091416;
 0.31614748, -0.0643491;
 0.26898655, -0.063863039;
 0.22183821, -0.062909983;
 0.17480856, -0.062425599]
