T1: [0.6766386513448619, 0.04990846035713564, 416.302097389807;
 -0.2492580256301796, 0.9843314348274048, 128.5485613445904;
 -0.0004338641378242562, -3.200155811369478e-05, 1.206954776347866]
T2: [0.7409495344650211, 0.1634428553403672, 286.2349993159664;
 -0.2158501349546919, 1.035042787625434, 4.694057330721364;
 -0.0003599080876156247, 0.0001081692093674509, 1.122805116133057]



Pn1: [-566.8536364537156, 230.8384476020182, 791.3680940537492, 389.1020880130219;
 195.45327657604, -620.2021513779838, 624.5149405349878, 214.0841507949395;
 0.3243347731428132, 0.3386505853174174, 0.8832455694735019, 0.3724661874732533]
Pn2: [-566.8536364537156, 230.8384476020182, 791.3680940537492, 500.6894931895662;
 195.45327657604, -620.2021513779838, 624.5149405349878, 214.0841507949395;
 0.3243347731428132, 0.3386505853174174, 0.8832455694735019, 0.3724661874732533]


 Projection Matrix 1 PPM1:
 [-820.9809842647142, 184.2182273632835, 541.2270896040269, 297.8836542999622;
  -5.861447464327993, -626.5469693685785, 648.2870825940317, 237.8146008448999;
  -0.02655195525547172, 0.330191152363302, 0.9435405643495703, 0.4219857032493103]
 Projection Matrix 2 PPM2:
 [-784.139169323909, 262.6948308986451, 563.0187237468371, 438.9005201336228;
  25.15067928006231, -546.409852620379, 716.7114615664634, 296.3523474088649;
  0.03508731357570102, 0.4384565889552385, 0.8980672024006767, 0.4438649486484741]